130,132,31,115
132,142,32,117
130,134,30,110
131,145,31,113
132,122,27,98
131,125,31,113
131,119,30,112
129,117,30,109
132,144,33,120
132,129,34,125
130,128,33,122
129,115,33,122
128,134,35,130
130,139,34,127
129,137,32,118
129,122,30,110
129,133,30,110
129,126,34,123
127,130,32,119
131,146,28,104
128,141,28,104
131,143,30,110
131,143,32,116
130,144,31,115
128,131,31,112
131,155,30,109
129,145,32,117
131,126,30,111
129,138,29,106
130,130,30,111
129,127,33,120
127,107,30,110
126,114,33,121
129,127,31,112
128,124,29,106
119,111,30,109
119,105,32,118
117,106,28,103
131,143,26,96
127,133,28,102
123,109,26,94
124,105,28,102
125,116,29,107
125,113,31,113
124,110,29,105
124,112,32,118
123,110,29,108
125,116,35,130
129,129,30,109
129,125,31,112
129,110,29,106
129,119,27,97
128,123,30,109
128,128,29,105
130,130,28,103
132,133,25,93
131,129,27,99
127,126,30,110
127,111,29,106
126,109,27,100
130,143,20,73
135,147,20,71
135,147,21,77
131,139,21,78
133,149,21,77
130,139,24,86
132,136,25,93
123,121,27,97
123,109,28,101
126,113,28,102
127,109,28,104
132,127,25,92
123,104,23,86
125,114,26,96
122,109,29,105
131,115,25,93
122,99,30,109
125,107,28,101
125,110,26,96
127,111,28,101
127,107,28,103
124,111,26,95
124,104,29,106
118,102,28,102
119,98,28,103
117,95,30,110
118,97,24,89
117,100,25,92
119,102,26,94
124,111,27,98
127,112,26,95
125,107,27,99
126,107,25,90
125,99,26,95
127,118,24,88
125,115,25,90
126,106,26,93
124,107,27,99
118,95,27,97
117,96,29,105
125,111,25,93
119,96,27,100
116,98,27,98
117,96,25,91
116,95,25,91
119,95,26,95
117,99,25,91
116,99,24,87
117,94,24,87
119,96,24,87
120,93,25,93
116,94,25,91
118,101,25,90
123,99,25,90
127,108,24,86
120,94,24,89
118,96,25,90
118,95,25,93
120,94,25,90
115,94,25,91
122,101,23,86
114,94,24,89
118,97,24,88
118,95,25,93
115,94,24,89
122,103,23,84
120,99,23,85
121,101,24,89
122,105,23,83
122,98,25,91
120,92,22,81
117,93,26,94
121,96,26,94
114,92,25,90
119,97,23,83
116,102,22,82
120,97,21,78
116,89,24,86
112,102,23,83
118,95,24,88
116,94,24,86
116,88,25,90
119,100,23,82
117,92,24,87
116,95,24,89
115,98,23,85
117,90,23,85
117,100,23,83
115,91,23,86
115,100,22,80
117,101,22,81
114,87,20,74
112,93,24,89
117,103,21,77
113,78,23,84
111,91,24,88
112,94,22,82
117,92,23,86
118,95,23,86
116,104,22,82
116,98,23,83
112,97,23,84
113,105,22,78
112,104,23,82
111,98,24,86
114,98,24,86
114,104,21,76
116,114,17,63
117,107,20,73
111,87,21,76
109,105,21,77
114,100,22,82
113,100,22,81
107,71,21,78
112,97,22,79
112,111,18,67
109,110,15,56
103,78,18,67
104,83,19,68
102,81,19,70
103,87,17,63
104,79,19,70
104,80,20,73
105,84,18,67
105,86,19,69
102,83,20,75
104,82,19,69
98,103,18,65
98,81,20,71
102,83,20,74
98,112,20,74
96,129,20,74
104,107,22,79
105,106,22,78
100,116,23,84
94,103,27,99
97,118,27,98
103,118,25,90
99,117,26,95
100,114,29,106
98,111,28,103
99,93,29,107
106,116,27,97
106,122,27,100
109,126,24,88
114,127,22,79
111,145,21,76
110,146,17,62
108,153,15,53
109,145,17,60
109,144,16,57
108,150,16,57
111,151,16,56
111,142,19,69
108,135,19,69
110,134,19,70
109,119,22,78
108,119,19,69
107,110,19,71
102,84,20,74
100,77,22,79
103,91,20,73
102,94,19,71
105,100,17,63
104,97,20,73
102,101,22,79
103,93,20,74
103,99,21,78
102,93,24,87
108,101,25,91
109,105,23,82
103,104,26,96
103,100,27,99
104,106,27,99
112,109,27,100
115,107,29,107
116,131,25,93
116,126,25,90
115,132,26,97
122,168,25,91
123,182,24,88
124,180,22,79
127,183,21,75
128,184,21,77
126,168,24,89
126,169,24,89
127,169,26,95
129,123,29,106
121,128,32,116
117,114,28,104
118,118,28,102
120,115,26,96
124,112,25,92
125,113,28,103
128,129,31,114
127,119,34,126
128,118,34,125
129,158,28,102
131,132,33,120
128,138,34,124
125,138,33,122
131,127,37,135
132,153,31,115
134,155,29,107
131,153,27,99
130,175,27,98
134,156,29,106
136,158,26,94
134,157,28,101
135,159,26,94
131,161,26,97
137,163,28,102
134,163,30,111
133,172,27,98
133,167,27,97
136,168,27,98
138,168,26,95
138,169,24,86
140,173,22,82
142,163,26,95
139,157,28,103
135,170,31,113
140,169,28,102
141,170,25,91
145,172,25,92
146,171,24,89
145,166,25,90
143,171,24,86
146,171,22,79
145,148,24,86
146,156,25,92
145,154,26,95
141,156,29,105
143,152,26,95
141,151,25,92
141,160,27,100
143,162,26,96
142,145,26,95
144,146,26,94
143,143,26,95
144,148,25,92
146,157,22,80
145,156,29,107
145,162,27,99
143,159,28,103
144,160,30,109
143,150,31,115
133,124,34,124
133,119,30,110
134,132,30,110
132,128,35,128
133,115,35,127
142,131,34,126
134,132,28,104
146,149,25,92
145,160,26,97
145,171,23,86
139,132,30,108
141,139,28,102
146,161,28,101
139,145,32,116
143,123,33,120
143,139,29,105
147,137,28,104
144,124,28,103
145,132,28,103
145,130,29,106
146,124,29,105
146,129,26,96
146,130,28,103
150,146,25,93
151,147,27,97
145,116,29,106
145,127,26,95
147,129,28,102
148,112,32,117
147,122,28,104
149,121,31,112
148,117,33,120
149,129,31,114
150,123,32,117
155,133,25,93
155,105,30,110
151,107,31,112
151,122,30,110
152,125,28,102
151,121,30,109
149,117,31,112
148,124,32,116
146,117,29,105
144,116,27,98
146,135,28,104
147,131,27,99
140,106,28,103
143,128,23,85
144,133,21,76
144,140,21,75
136,115,22,80
139,138,19,70
135,123,21,75
132,119,25,93
132,121,24,89
128,122,23,85
125,95,22,82
123,95,20,72
125,128,17,61
123,113,21,77
120,120,26,94
120,111,25,93
113,112,27,100
113,114,24,89
113,110,26,94
106,104,25,91
100,82,27,97
97,106,27,99
93,96,27,99
93,96,27,98
98,95,19,68
96,102,16,58
96,119,14,52
94,125,12,42
90,133,11,41
87,140,11,38
82,127,12,42
79,123,12,42
75,119,14,51
71,113,14,51
62,97,17,60
59,91,17,62
58,114,16,57
55,121,11,41
52,102,12,43
54,93,12,41
56,93,12,44
56,95,14,49
56,95,13,46
55,94,13,48
55,97,14,50
54,96,16,56
54,95,16,59
53,95,17,62
53,94,18,66
55,97,17,63
53,96,16,58
55,95,18,66
55,96,15,55
56,97,14,50
56,119,12,45
55,102,15,53
57,119,12,42
56,111,13,45
57,111,13,48
56,112,13,46
56,102,13,47
56,95,15,53
58,114,12,45
56,94,13,47
56,119,13,46
56,116,12,45
56,98,12,44
56,93,13,47
56,95,12,43
55,115,13,48
55,95,15,53
55,96,15,55
55,95,14,52
55,96,13,47
56,97,14,51
56,99,12,44
56,99,12,44
56,97,14,49
55,99,15,53
55,99,16,57
56,119,14,51
56,96,17,60
56,74,16,59
57,82,14,51
56,99,13,45
56,94,13,46
57,119,12,44
55,102,14,49
56,95,12,42
55,102,15,52
56,97,14,51
56,97,12,43
58,115,11,39
58,115,11,40
56,101,12,43
57,117,14,49
56,123,12,45
55,106,15,53
54,96,16,59
54,76,15,54
55,93,12,45
56,99,12,43
57,112,13,48
55,98,14,51
56,99,13,45
56,98,12,42
57,95,10,35
56,96,11,40
55,98,13,46
55,95,13,45
56,99,13,46
55,96,13,46
58,91,12,43
56,93,12,44
54,119,13,47
56,109,15,53
55,93,16,57
53,95,17,63
53,96,18,65
55,95,15,53
54,115,14,50
56,112,13,46
56,112,14,49
55,95,15,55
55,103,15,53
54,95,15,55
55,114,14,50
56,97,16,56
54,93,17,63
52,95,17,63
56,112,14,52
53,95,16,60
55,94,16,58
55,94,16,57
55,96,15,54
52,96,18,64
53,97,17,62
55,96,18,64
56,96,15,56
53,97,17,60
53,94,17,62
55,110,14,52
57,124,12,42
57,121,11,41
56,101,13,45
56,103,13,48
55,99,14,52
